                   MONTHLY CLIMATOLOGICAL SUMMARY for Feb 2018


NAME: Neuburg, RP, Germany                  
ELEV: 116 m    LAT: 48-59.40 N    LONG: 008-15.12 O


                   TEMPERATURE (C), RAIN (mm), WIND SPEED (km/h)

                                         HEAT   COOL         AVG
      MEAN                               DEG    DEG          WIND                   DOM
DAY   TEMP   HIGH   TIME    LOW   TIME   DAYS   DAYS   RAIN  SPEED   HIGH   TIME    DIR
---------------------------------------------------------------------------------------
 01    4,2    6,9  00:00  -14,9  12:14   10,8    0,0    7,2    6,8   37,0  12:35    253
 02    3,2    4,9  17:21    1,3  06:20   11,8    0,0    0,2    6,9   37,0  15:05    243
 03    2,9    4,6  14:13    0,7  00:00   12,1    0,0    2,2    4,0   22,5  00:05    247
 04    0,5    2,3  10:25   -0,8  20:50   14,5    0,0    6,4    1,0   19,3  14:00      8
 05    0,7    3,6  13:56  -38,1  13:27   14,3    0,0    4,2    5,1   29,0  16:15     54
 06    0,6    3,9  15:35   -0,9  06:20   14,4    0,0    0,4    3,4   24,1  00:10     43
 07    0,0    2,3  14:43   -2,3  08:15   15,0    0,0    0,0    0,7   11,3  13:05     13
 08    0,0   40,1  11:23   -2,8  07:58   15,0    0,0    0,0    0,4   14,5  13:25     16
 09    1,6    3,3  16:07    0,1  00:00   13,4    0,0    0,0    0,5   16,1  17:00    228
 10    2,2    3,7  15:05    0,9  01:35   12,8    0,0    0,0    4,4   25,7  12:50    246
 11    3,3    5,5  16:25    1,4  00:20   11,7    0,0    0,6   10,5   45,1  09:15    234
 12    2,1    5,2  13:47   -1,6  22:10   12,9    0,0    0,0    6,3   32,2  11:30    247
 13    0,7   42,2  16:06  -22,1  13:40   14,3    0,0    0,0    1,0   17,7  15:15    122
 14   -0,6   39,4  10:42  -30,7  15:28   15,6    0,0    0,2    0,3   11,3  15:30     28
 15    0,9    4,4  22:45   -2,7  00:45   14,1    0,0   11,6    0,2   11,3  13:20    235
 16    5,4    9,9  13:16   -0,9  12:56    9,6    0,0    2,8    1,1   14,5  13:05    233
 17    1,3    2,4  11:03   -0,1  00:00   13,7    0,0    6,4    3,8   25,7  06:55     40
 18    0,2    3,5  16:00   -2,0  05:10   14,8    0,0    0,2    1,7   24,1  17:30     50
 19    1,3    2,2  13:35    0,3  23:55   13,7    0,0    0,0    0,4    9,7  13:50     15
 20    1,1    3,3  14:07   -1,2  04:35   13,9    0,0    0,0    0,9   16,1  19:30     45
 21    1,5   33,8  09:40  -21,2  15:25   13,5    0,0    0,0    4,3   25,7  11:15     45
 22    0,5    3,2  13:30  -17,2  10:06   14,5    0,0    0,0    9,1   38,6  12:25     52
 23    0,1   41,7  12:23  -38,6  14:46   14,9    0,0    0,0    9,3   37,0  11:35     52
 24   -0,1   48,2  14:22  -32,9  16:00   15,1    0,0    0,0   11,4   43,5  14:55     50
 25   -2,8   39,1  15:36  -11,7  09:17   17,8    0,0    0,0    9,7   41,8  01:00     55
 26   -5,4    1,3  16:42   -7,6  07:35   20,4    0,0    0,0    7,9   32,2  10:20     53
 27   -6,2   36,9  14:48  -10,1  00:00   21,2    0,0    0,0    5,0   29,0  09:30     62
 28   -6,1   41,3  15:08  -39,6  15:24   21,1    0,0    0,0    7,9   37,0  19:00     67
---------------------------------------------------------------------------------------
       0,5   48,2     24  -39,6     28  406,8    0,0   42,4    4,4   45,1     11     42
    

