                   MONTHLY CLIMATOLOGICAL SUMMARY for Mai 2017


NAME: Neuburg, RP, Germany                  
ELEV: 110 m    LAT: 48-59.40 N    LONG: 008-15.12 O


                   TEMPERATURE (C), RAIN (mm), WIND SPEED (km/h)

                                         HEAT   COOL         AVG
      MEAN                               DEG    DEG          WIND                   DOM
DAY   TEMP   HIGH   TIME    LOW   TIME   DAYS   DAYS   RAIN  SPEED   HIGH   TIME    DIR
---------------------------------------------------------------------------------------
 01    9,5   13,4  00:00    7,8  09:38    5,5    0,0    1,3    3,9   35,4  06:35    233
 02   10,8   15,7  16:40    1,3  12:17    4,2    0,0    0,0    3,8   20,9  04:20    244
 03   11,5   15,9  17:16    7,8  07:15    3,5    0,0    0,2    1,4   19,3  15:00     56
 04   10,3   15,7  18:25    6,6  03:26    4,7    0,0    0,7    1,5   16,1  14:20    218
 05   12,7   19,2  17:12   -5,5  14:51    2,3    0,0    0,0    2,1   20,9  15:45     53
 06   13,0   20,9  10:44   -9,4  10:46    2,0    0,0    1,2    4,6   32,2  16:10    241
 07   12,8   14,4  18:20   11,7  06:42    2,2    0,0    4,4    5,8   24,1  16:30    232
 08   10,1   12,3  00:05    8,2  00:00    4,9    0,0    2,3    0,9   14,5  10:00    232
 09    9,6   15,3  16:17  -24,8  16:47    5,4    0,0    1,0    1,9   22,5  12:55     47
 10   10,7   21,1  18:01  -15,1  10:07    4,3    0,0    0,0    1,4   16,1  14:05     17
 11   14,1   39,4  12:34  -10,5  13:09    0,9    0,0    1,0    1,3   27,4  17:20     51
 12   15,8   22,3  14:20    1,3  10:36    0,0    0,0    0,9    3,1   20,9  11:00    227
 13   16,9   24,1  17:45  -21,8  15:04    0,0    0,0    1,5    4,3   27,4  19:55    230
 14   16,7   41,3  12:54    1,3  11:10    0,0    0,0    0,1    3,4   30,6  15:25    229
 15   17,3   23,8  17:20    1,3  11:43    0,0    0,0    0,4    2,0   19,3  00:35    229
 16   17,4   40,1  15:28    1,3  10:48    0,0    0,0    0,0    1,5   17,7  16:00     52
 17   20,8   30,2  16:55  -29,7  15:26    0,0    0,0    0,0    1,6   19,3  16:05     62
 18   18,2   21,8  18:50   15,0  04:36    0,0    0,0    0,4    1,2   20,9  09:45    221
 19   13,2   17,3  02:30   10,0  00:00    1,8    0,0   13,3    4,9   25,7  16:35    235
 20   12,4   19,3  13:55    1,3  10:35    2,6    0,0    0,0    3,4   24,1  11:40    237
 21   14,2   22,1  17:38  -25,8  16:29    0,8    0,0    0,0    1,7   19,3  17:45     51
 22   17,2   25,3  17:05  -25,0  14:27    0,0    0,0    0,0    1,6   17,7  10:35     52
 23   19,6   28,7  12:56    1,3  10:12    0,0    0,0    0,0    3,7   30,6  14:25    241
 24   18,7   24,4  16:01    1,3  11:20    0,0    0,0    0,0    0,8   17,7  00:50    327
 25   18,3   24,7  15:35  -25,1  16:17    0,0    0,0    0,0    1,8   17,7  17:50     48
 26   19,3   26,9  16:49  -24,6  11:39    0,0    0,0    0,0    2,8   22,5  17:25     54
 27   22,5   31,7  16:53  -29,2  16:05    0,0    0,0    0,0    0,9   16,1  14:40     58
 28   23,4   34,4  15:31   -1,8  14:18    0,0    0,0    0,0    0,7   12,9  10:00    174
 29   25,4   34,4  18:00  -26,1  15:42    0,0    0,4    0,0    1,1   17,7  19:50    209
 30   22,4   29,3  14:45  -22,6  12:56    0,0    0,0    0,3    2,2   20,9  14:25    217
 31   20,6   26,3  16:03    1,3  12:41    0,0    0,0    0,0    1,4   17,7  16:45     67
---------------------------------------------------------------------------------------
      16,0   41,3     14  -29,7     17   45,0    0,4   29,0    2,3   35,4     01    232
    

