                   MONTHLY CLIMATOLOGICAL SUMMARY for Dez 2017


NAME: Neuburg, RP, Germany                  
ELEV: 116 m    LAT: 48-59.40 N    LONG: 008-15.12 O


                   TEMPERATURE (C), RAIN (mm), WIND SPEED (km/h)

                                         HEAT   COOL         AVG
      MEAN                               DEG    DEG          WIND                   DOM
DAY   TEMP   HIGH   TIME    LOW   TIME   DAYS   DAYS   RAIN  SPEED   HIGH   TIME    DIR
---------------------------------------------------------------------------------------
 01    1,0    2,9  14:25    0,2  19:25   14,0    0,0    1,6    0,7   11,3  15:40    282
 02   -0,2    0,9  00:55   -1,5  08:55   15,2    0,0    0,0    2,9   19,3  11:05     42
 03   -0,4    0,6  11:45   -0,9  15:45   15,4    0,0    0,0    4,7   25,7  21:55    241
 04    1,4    3,4  23:53    0,1  00:00   13,6    0,0    4,6    9,1   29,0  09:40    233
 05    4,3    5,4  14:40    3,4  01:20   10,7    0,0    0,0    5,5   22,5  00:05    238
 06    3,6    4,3  15:18    1,5  00:00   11,4    0,0    0,0    4,7   24,1  06:30    234
 07    4,1    8,7  21:57   -0,3  08:05   10,9    0,0    2,2    8,8   48,3  22:00    236
 08    4,2    8,0  03:41    0,4  22:35   10,8    0,0    3,6    8,6   51,5  12:40    246
 09    0,8    1,6  13:26   -0,3  08:51   14,2    0,0    0,2   10,4   38,6  12:40    240
 10    2,4    9,1  20:34   -1,7  08:25   12,6    0,0   11,6    7,4   57,9  20:50    224
 11    7,8    9,3  23:00    6,1  05:50    7,2    0,0   17,8    7,0   46,7  23:00    223
 12    3,6    6,6  01:15    1,3  12:55   11,4    0,0    1,6   10,1   61,2  02:35    247
 13    4,4   11,6  12:05  -29,6  12:16   10,6    0,0   13,4   12,4   53,1  14:35    228
 14    6,1    7,6  04:20    1,3  10:59    8,9    0,0    5,8   12,5   72,4  04:45    241
 15    4,3   11,3  14:55    1,3  11:13   10,7    0,0   12,8    7,8   46,7  12:00    234
 16    3,1    4,8  16:00    1,3  01:10   11,9    0,0    0,8    1,8   17,7  23:50    251
 17    2,7    3,7  14:15    1,7  08:55   12,3    0,0    0,0    5,7   25,7  11:10    250
 18    1,3    2,3  00:05    0,2  06:06   13,7    0,0    8,0    2,5   30,6  03:45    225
 19    2,2    3,7  15:11    1,3  02:30   12,8    0,0    1,8    1,5   19,3  22:35    230
 20    3,5    4,6  14:36    2,3  01:32   11,5    0,0    3,2    4,8   19,3  04:40    233
 21    5,0    6,6  23:55    4,1  06:57   10,0    0,0    3,8    7,2   25,7  22:15    240
 22    7,3    7,9  21:17    6,6  00:05    7,7    0,0    5,4    5,8   25,7  06:50    239
 23    7,8    8,2  16:05    7,4  09:05    7,2    0,0    0,2    7,0   30,6  21:20    239
 24    6,9    7,6  00:05    6,1  23:23    8,1    0,0    0,0    9,5   32,2  12:05    238
 25    4,0    6,1  00:00    0,9  00:00   11,0    0,0    0,0    3,8   20,9  00:50    235
 26    4,2   11,1  10:05  -17,0  14:50   10,8    0,0    0,0    5,3   54,7  12:10    242
 27    3,4    6,6  16:00    0,7  03:51   11,6    0,0    6,2    1,8   32,2  21:00    244
 28    3,0    4,1  00:00    1,5  23:31   12,0    0,0    1,8    7,4   30,6  12:50    251
 29    2,7    5,0  13:10    0,9  01:10   12,3    0,0    4,2    9,2   41,8  17:00    234
 30    8,5   13,3  18:10    4,8  00:00    6,5    0,0    7,4   11,9   46,7  11:10    232
 31   12,9   14,4  15:10   10,7  00:00    2,1    0,0    0,2   11,6   46,7  02:00    236
---------------------------------------------------------------------------------------
       4,1   14,4     31  -29,6     13  339,1    0,0  118,2    6,7   72,4     14    237
    

