                   MONTHLY CLIMATOLOGICAL SUMMARY for Jun 2017


NAME: Neuburg, RP, Germany                  
ELEV: 116 m    LAT: 48-59.40 N    LONG: 008-15.12 O


                   TEMPERATURE (C), RAIN (mm), WIND SPEED (km/h)

                                         HEAT   COOL         AVG
      MEAN                               DEG    DEG          WIND                   DOM
DAY   TEMP   HIGH   TIME    LOW   TIME   DAYS   DAYS   RAIN  SPEED   HIGH   TIME    DIR
---------------------------------------------------------------------------------------
 01   20,7   30,6  14:09    1,3  13:20    0,0    0,0    0,0    0,7   14,5  16:10     37
 02   21,2   29,9  17:10   -5,8  15:29    0,0    0,0    0,3    1,0   19,3  17:45    188
 03   21,3   29,5  15:47  -31,6  15:08    0,0    0,0    0,5    2,8   29,0  18:35    229
 04   17,1   21,7  16:55   -3,2  15:27    0,0    0,0   12,4    3,8   29,0  11:35    250
 05   16,1   22,8  18:26    1,3  12:48    0,0    0,0    0,0    0,7   14,5  13:30    156
 06   14,5   20,1  16:45   10,2  00:00    0,5    0,0    2,1    6,8   48,3  18:55    240
 07   14,0   19,4  17:45    1,3  13:05    1,0    0,0    1,6    8,8   37,0  12:45    239
 08   16,5   34,4  14:25    1,3  11:45    0,0    0,0    0,0    1,8   17,7  12:05    229
 09   16,9   24,0  15:25   -0,7  12:53    0,0    0,0    0,5    4,3   40,2  11:45    241
 10   18,7   26,4  17:10  -22,0  15:24    0,0    0,0    0,0    1,1   16,1  14:25    187
 11   21,5   41,1  15:45    1,3  14:02    0,0    0,0    0,0    0,6   11,3  09:55      6
 12   22,3   29,5  16:22    1,3  12:11    0,0    0,0    0,0    6,0   35,4  12:20    247
 13   18,6   29,7  15:05  -25,1  15:33    0,0    0,0    0,0    1,3   17,7  16:20     57
 14   20,8   37,2  15:40  -25,1  15:52    0,0    0,0    0,0    2,0   17,7  12:45     47
 15   21,6   31,3  16:10  -25,3  14:56    0,0    0,0    2,4    2,0   20,9  21:25    213
 16   20,4   26,1  16:14    1,3  12:33    0,0    0,0    0,0    5,8   30,6  12:20    249
 17   18,0   38,6  12:28    0,6  13:12    0,0    0,0    0,0    0,5   16,1  12:20    296
 18   21,6   30,6  14:57    1,3  14:37    0,0    0,0    0,0    2,5   24,1  15:45     56
 19   23,0   33,2  18:25    1,3  11:38    0,0    0,0    0,0    0,9   16,1  16:25    336
 20   25,0   34,9  17:40    1,3  11:30    0,0    0,0    0,0    1,7   20,9  16:40    227
 21   24,8   42,3  16:22  -25,7  16:15    0,0    0,0    0,0    0,7   12,9  12:55     41
 22   26,4   34,3  14:01    1,3  13:04    0,0    1,4    0,0    3,1   20,9  11:35    229
 23   25,2   29,8  17:19   -0,2  17:11    0,0    0,2    0,0    6,5   35,4  15:00    242
 24   21,7   30,2  17:24    1,3  14:25    0,0    0,0    0,0    5,6   38,6  14:05    250
 25   21,6   26,2  15:17  -24,8  11:30    0,0    0,0    0,0    5,4   37,0  15:25    240
 26   23,8   31,9  17:48    1,3  13:07    0,0    0,0    0,0    2,9   20,9  07:55    221
 27   23,1   37,3  15:11    1,3  13:52    0,0    0,0    0,0    0,7   16,1  15:35    254
 28   21,3   37,8  16:43    1,3  14:25    0,0    0,0    6,4    5,5   30,6  14:30    219
 29   18,3   25,7  14:01    1,3  11:52    0,0    0,0   14,8    7,1   35,4  16:10    228
 30   18,7   38,4  14:20    1,3  12:12    0,0    0,0    0,4    7,1   37,0  10:00    231
---------------------------------------------------------------------------------------
      20,5   42,3     21  -31,6     03    1,5    1,6   41,4    3,3   48,3     06    237
    

