                     CLIMATOLOGICAL SUMMARY for year 2018


NAME: Neuburg, RP, Germany                  
ELEV: 116 m    LAT: 48-59.40 N    LONG: 008-15.12 O


                                       TEMPERATURE (C)

                              HEAT    COOL                              MAX    MAX    MIN    MIN
          MEAN   MEAN         DEG     DEG                                >=     <=     <=     <=
 YR  MO   MAX    MIN    MEAN  DAYS    DAYS      HI  DAY     LOW  DAY     30      0      0    -20
------------------------------------------------------------------------------------------------
2018 01    9,1   -1,2    6,6  261,2    0,0    13,7   25   -32,9   21      0      0      6      3
2018 02   15,7  -10,5    0,5  406,8    0,0    48,2   24   -39,6   28      9      0     22      7
2018 03   13,7   -9,3    5,2  304,1    0,0    41,4   01   -33,5   03      3      0     21      9
2018 04   22,6  -10,2   12,0   35,9    0,0    37,5   11   -30,1   08      3      0      7      3
2018 05
2018 06
2018 07
2018 08
2018 09
2018 10
2018 11
2018 12
------------------------------------------------------------------------------------------------
          13,9   -7,3    5,1 1008,0    0,0    48,2  Feb   -39,6  Feb     15      0     56     22


                  PRECIPITATION (mm)

                  MAX         ---DAYS OF RAIN---
                  OBS.               OVER
 YR  MO  TOTAL    DAY  DATE   0.30   3.00  30.00
------------------------------------------------
2018 01  157,0   24,6    20     16     14      0
2018 02   42,4   11,6    15      9      5      0
2018 03   40,0   13,4    28     15      3      0
2018 04   12,2    3,2    04      5      3      0
2018 05
2018 06
2018 07
2018 08
2018 09
2018 10
2018 11
2018 12
------------------------------------------------
         251,6   24,6   Jan     45     25      0


           WIND SPEED (km/h)

                                DOM
 YR  MO    AVG     HI   DATE    DIR
-----------------------------------
2018 01    6,7   61,2     03    240 
2018 02    4,4   45,1     11     42 
2018 03    4,3   46,7     13    249 
2018 04    3,8   48,3     04    242 
2018 05
2018 06
2018 07
2018 08
2018 09
2018 10
2018 11
2018 12
-----------------------------------
           5,0   61,2    Jan    246

