                     CLIMATOLOGICAL SUMMARY for year 2017


NAME: Neuburg, RP, Germany                  
ELEV: 116 m    LAT: 48-59.40 N    LONG: 008-15.12 O


                                       TEMPERATURE (C)

                              HEAT    COOL                              MAX    MAX    MIN    MIN
          MEAN   MEAN         DEG     DEG                                >=     <=     <=     <=
 YR  MO   MAX    MIN    MEAN  DAYS    DAYS      HI  DAY     LOW  DAY     30      0      0    -20
------------------------------------------------------------------------------------------------
2017 01
2017 02
2017 03   19,7   17,9   18,9    0,0    0,0    21,2   23    15,3   30      0      0      0      0
2017 04   18,6   -6,8    9,5  167,7    0,0    42,0   24   -28,8   30      4      0     13      6
2017 05   24,3   -7,0   16,0   45,0    0,4    41,3   14   -29,7   17      7      0     15     10
2017 06   30,8   -5,2   20,5    1,5    1,6    42,3   21   -31,6   03     16      0     11      7
2017 07   28,9   -5,4   20,9    0,0    2,4    42,1   18   -37,1   22     15      0     10      9
2017 08   28,6    0,2   19,6    0,7    0,0    42,2   20   -38,5   21     13      0      9      7
2017 09   23,8   -6,3   14,2   40,7    0,0    45,1   26   -37,1   26      5      0     15      6
2017 10   20,9   -1,1   11,8  100,4    0,0    42,3   01   -22,9   18      4      0     10      2
2017 11    9,8   -0,5    6,0  270,3    0,0    19,6   25   -36,2   02      0      0      8      1
2017 12    6,5    0,5    4,1  339,1    0,0    14,4   31   -29,6   13      0      0      7      1
------------------------------------------------------------------------------------------------
          21,3   -2,9   13,7  965,4    4,4    45,1  Sep   -38,5  Aug     64      0     98     49


                  PRECIPITATION (mm)

                  MAX         ---DAYS OF RAIN---
                  OBS.               OVER
 YR  MO  TOTAL    DAY  DATE   0.30   3.00  30.00
------------------------------------------------
2017 01
2017 02
2017 03    3,0    3,0    22      1      1      0
2017 04   18,0    5,1    02      8      2      0
2017 05   29,0   13,3    19     12      2      0
2017 06   41,4   14,8    29      9      3      0
2017 07  114,4   18,0    26     16     11      0
2017 08   94,2   32,6    10     13      8      1
2017 09  138,4   49,2    14     14      6      2
2017 10   67,6   31,8    03     12      6      1
2017 11  126,0   30,6    12     16     10      1
2017 12  118,2   17,8    11     20     14      0
------------------------------------------------
         750,3   49,2   Sep    121     63      5


           WIND SPEED (km/h)

                                DOM
 YR  MO    AVG     HI   DATE    DIR
-----------------------------------
2017 01
2017 02
2017 03    0,0    0,0     21     90 
2017 04    2,8   35,4     10    250 
2017 05    2,3   35,4     01    232 
2017 06    3,3   48,3     06    237 
2017 07    3,4   51,5     12    233 
2017 08    1,9   43,5     18    238 
2017 09    2,9   53,1     13    233 
2017 10    3,3   51,5     07    238 
2017 11    4,5   53,1     27    235 
2017 12    6,7   72,4     14    237 
-----------------------------------
           3,4   72,4    Dez    236

