                   MONTHLY CLIMATOLOGICAL SUMMARY for Mr 2017


NAME: Neuburg, RP, Germany                  
ELEV: 110 m    LAT: 48-59.40 N    LONG: 008-15.12 O


                   TEMPERATURE (C), RAIN (mm), WIND SPEED (km/h)

                                         HEAT   COOL         AVG
      MEAN                               DEG    DEG          WIND                   DOM
DAY   TEMP   HIGH   TIME    LOW   TIME   DAYS   DAYS   RAIN  SPEED   HIGH   TIME    DIR
---------------------------------------------------------------------------------------
 01
 02
 03
 04
 05
 06
 07
 08
 09
 10
 11
 12
 13
 14
 15
 16
 17
 18    N/A    N/A    N/A    N/A    N/A    0,0    0,0    0,0    N/A    N/A    N/A     90
 19    N/A    N/A    N/A    N/A    N/A    0,0    0,0    0,0    N/A    N/A    N/A     90
 20
 21   20,7   20,8  23:00   20,6  18:30    0,0    0,0    0,0    0,0    0,0  18:30     90
 22   20,2   20,7  23:00   19,3  06:30    0,0    0,0    3,0    0,0    0,0  00:30     90
 23   20,1   21,2  13:30   18,3  07:00    0,0    0,0    0,0    0,0    0,0  00:30     90
 24
 25
 26
 27   18,5   18,9  19:00   18,4  00:00    0,0    0,0    0,0    0,0    0,0  19:00     90
 28   18,1   18,6  23:15   17,7  06:30    0,0    0,0    0,0    0,0    0,0  00:30     90
 29   18,5   19,4  17:35   16,8  07:05    0,0    0,0    0,0    0,0    0,0  00:05     90
 30   18,4   19,3  17:05   15,3  06:30    0,0    0,0    0,0    0,0    0,0  00:05     90
 31   18,2   18,6  17:50   16,5  06:34    0,0    0,0    0,0    0,0    0,0  00:05     90
---------------------------------------------------------------------------------------
      18,9   21,2     23   15,3     30    0,0    0,0    3,0    0,0    0,0     21     90
    

