                   MONTHLY CLIMATOLOGICAL SUMMARY for Mr 2018


NAME: Neuburg, RP, Germany                  
ELEV: 116 m    LAT: 48-59.40 N    LONG: 008-15.12 O


                   TEMPERATURE (C), RAIN (mm), WIND SPEED (km/h)

                                         HEAT   COOL         AVG
      MEAN                               DEG    DEG          WIND                   DOM
DAY   TEMP   HIGH   TIME    LOW   TIME   DAYS   DAYS   RAIN  SPEED   HIGH   TIME    DIR
---------------------------------------------------------------------------------------
 01   -3,1   41,4  12:49   -6,7  06:10   18,1    0,0    0,0    9,7   37,0  20:00     63
 02   -2,5   33,8  10:33   -6,3  11:17   17,5    0,0    0,0    5,8   32,2  05:00     48
 03    0,4    6,4  12:13  -33,5  14:18   14,6    0,0    3,8    1,6   20,9  09:40      5
 04    4,3   11,8  15:45  -10,9  12:57   10,7    0,0    2,2    1,2   19,3  20:10    232
 05    7,1   26,4  14:42    0,5  07:50    7,9    0,0    0,0    1,8   19,3  17:30     53
 06    5,6   11,4  15:30  -27,1  12:47    9,4    0,0    0,2    2,3   25,7  17:35    240
 07    6,4   10,4  15:32    1,3  10:15    8,6    0,0    2,6    5,4   35,4  11:50    240
 08    8,2   13,3  15:45  -23,1  15:10    6,8    0,0    0,2    8,2   35,4  13:00    232
 09    8,5   13,3  16:10  -19,2  12:56    6,5    0,0    0,2    0,9   17,7  13:05    242
 10    9,7   12,9  15:40    6,1  00:00    5,3    0,0    1,6    1,0   25,7  09:50    238
 11    9,0   13,2  14:00    4,4  06:56    6,0    0,0    0,4    0,5   14,5  08:35    238
 12   10,5   13,9  13:21    1,3  10:39    4,5    0,0    2,8    7,5   43,5  13:45    235
 13    8,0    9,5  00:00    6,3  21:40    7,0    0,0    4,2   11,6   46,7  09:50    235
 14    8,0   14,1  15:40  -26,8  11:30    7,0    0,0    0,2    2,6   17,7  17:00    285
 15    7,3   11,8  14:20    3,8  04:14    7,7    0,0    0,8    3,6   25,7  13:20     51
 16    8,8   14,9  16:01  -15,6  14:10    6,2    0,0    0,2    3,9   32,2  13:40    240
 17    1,8    5,6  01:00   -2,1  23:20   13,2    0,0    0,0    8,4   33,8  17:05     46
 18   -1,5    0,3  16:55   -3,3  05:45   16,5    0,0    0,6    8,9   33,8  00:05     49
 19   -0,2    1,5  14:05   -1,7  06:24   15,2    0,0    0,0    5,5   24,1  13:10     52
 20    0,0    3,3  12:20   -4,2  06:45   15,0    0,0    0,0    1,7   22,5  16:45     29
 21    0,9    6,8  16:02  -22,6  12:32   14,1    0,0    0,2    1,1   19,3  15:15     26
 22    0,9    4,7  12:50   -3,2  02:25   14,1    0,0    2,0    6,6   32,2  12:20    232
 23    4,2    8,1  16:00   -0,1  23:58   10,8    0,0    2,8    4,1   22,5  02:55    232
 24    5,6   12,3  15:48  -20,3  11:37    9,4    0,0    0,2    2,8   24,1  16:25     48
 25    6,0   19,4  12:15  -25,3  16:19    9,0    0,0    0,0    0,4   11,3  13:05     88
 26    7,0   10,9  14:11    1,3  14:23    8,0    0,0    0,4    0,7   16,1  14:30     25
 27    7,6   41,1  14:26  -16,9  14:15    7,4    0,0    0,6    5,3   33,8  21:05    228
 28    9,5   12,3  12:35  -20,6  11:42    5,5    0,0   13,4    9,6   38,6  18:30    237
 29    7,4   11,2  18:00    1,3  12:31    7,6    0,0    0,0    5,5   27,4  02:10    242
 30    6,5   15,0  15:25  -26,4  11:09    8,5    0,0    0,4    2,3   25,7  21:50    291
 31    9,2   14,8  15:22    1,3  12:10    5,8    0,0    0,0    1,5   19,3  13:10    247
---------------------------------------------------------------------------------------
       5,2   41,4     01  -33,5     03  304,1    0,0   40,0    4,3   46,7     13    249
    

