                   MONTHLY CLIMATOLOGICAL SUMMARY for Aug 2017


NAME: Neuburg, RP, Germany                  
ELEV: 116 m    LAT: 48-59.40 N    LONG: 008-15.12 O


                   TEMPERATURE (C), RAIN (mm), WIND SPEED (km/h)

                                         HEAT   COOL         AVG
      MEAN                               DEG    DEG          WIND                   DOM
DAY   TEMP   HIGH   TIME    LOW   TIME   DAYS   DAYS   RAIN  SPEED   HIGH   TIME    DIR
---------------------------------------------------------------------------------------
 01   22,4   30,6  15:15   18,1  06:20    0,0    0,0    3,6    0,9   20,9  15:45     19
 02   23,6   35,3  14:59   -0,9  16:11    0,0    0,0    0,0    1,6   16,1  10:50    212
 03   19,8   20,5  00:00   19,3  02:54    0,0    0,0    0,2    0,0    4,8  04:30    183
 04   18,2   19,3  22:05   17,5  00:00    0,0    0,0    0,0    0,0    1,6  22:55     90
 05   20,1   26,8  16:55   15,0  23:55    0,0    0,0    1,0    4,0   27,4  16:25    241
 06   17,6   25,5  17:50   13,0  06:45    0,0    0,0    0,0    0,5   12,9  15:55     16
 07   17,8   27,9  17:40   11,3  06:20    0,0    0,0    0,0    1,6   22,5  15:50     58
 08   18,9   24,7  17:50   14,7  04:00    0,0    0,0    0,6    2,9   35,4  22:35    232
 09   18,2   25,4  17:00   12,4  06:25    0,0    0,0    9,2    0,9   16,1  16:40    155
 10   15,2   16,8  00:15   13,5  00:00    0,0    0,0   32,6    2,3   20,9  09:40    237
 11   14,3   16,5  17:30   12,6  07:05    0,7    0,0    5,0    3,4   24,1  11:40    231
 12   16,5   21,1  16:45   14,2  07:45    0,0    0,0    7,8    5,3   32,2  12:45    237
 13   18,5   22,9  15:45   15,2  04:45    0,0    0,0    1,2    2,1   20,9  10:05    231
 14   21,0   35,8  16:55    1,3  13:53    0,0    0,0    0,0    0,7   14,5  10:15     38
 15   22,1   29,5  15:32    1,3  14:27    0,0    0,0    0,0    2,2   29,0  14:05    245
 16   21,3   41,1  15:35  -21,3  15:26    0,0    0,0    1,0    0,9   14,5  00:30    263
 17   22,1   30,1  16:18    1,3  12:52    0,0    0,0    0,0    2,4   22,5  16:40    240
 18   20,2   29,0  14:50  -22,0  13:30    0,0    0,0   10,0    2,6   43,5  15:50    232
 19   17,6   26,6  16:02  -24,3  14:26    0,0    0,0   12,4    4,0   30,6  13:45    246
 20   16,9   42,2  13:43    1,3  11:42    0,0    0,0    0,0    2,6   25,7  13:25    252
 21   16,4   25,9  14:33  -38,5  13:41    0,0    0,0    0,0    0,8   12,9  13:10    187
 22   16,6   28,7  15:10    1,3  10:32    0,0    0,0    0,0    0,5   12,9  15:10     28
 23   19,6   30,2  13:28  -26,0  16:33    0,0    0,0    0,0    0,5   11,3  15:20    141
 24   21,6   37,4  15:06    1,3  11:44    0,0    0,0    0,0    3,0   24,1  13:45    244
 25   21,3   32,6  17:00  -22,4  16:22    0,0    0,0    0,0    0,4   17,7  20:20    211
 26   22,7   31,4  17:50  -18,9  11:55    0,0    0,0    0,0    1,5   19,3  11:00    213
 27   21,3   27,1  17:38    1,3  12:00    0,0    0,0    0,2    0,3   11,3  13:00     28
 28   21,3   31,9  12:06    1,3  11:25    0,0    0,0    0,0    1,1   16,1  08:35     43
 29   22,0   41,3  14:10  -24,7  16:01    0,0    0,0    0,2    0,5   12,9  12:10     13
 30   22,4   32,0  11:49    1,3  11:48    0,0    0,0    2,8    2,0   22,5  19:40    230
 31   18,2   20,3  00:20   15,7  23:58    0,0    0,0    6,4    4,3   27,4  13:45    240
---------------------------------------------------------------------------------------
      19,6   42,2     20  -38,5     21    0,7    0,0   94,2    1,9   43,5     18    238
    

