                   MONTHLY CLIMATOLOGICAL SUMMARY for Sep 2017


NAME: Neuburg, RP, Germany                  
ELEV: 116 m    LAT: 48-59.40 N    LONG: 008-15.12 O


                   TEMPERATURE (C), RAIN (mm), WIND SPEED (km/h)

                                         HEAT   COOL         AVG
      MEAN                               DEG    DEG          WIND                   DOM
DAY   TEMP   HIGH   TIME    LOW   TIME   DAYS   DAYS   RAIN  SPEED   HIGH   TIME    DIR
---------------------------------------------------------------------------------------
 01   16,0   22,3  16:36    1,3  12:22    0,0    0,0    0,6    1,0   17,7  13:40     52
 02   13,7   20,1  17:03  -12,3  13:32    1,3    0,0   20,4    0,7   19,3  17:15    233
 03   13,9   38,2  15:02    1,3  11:37    1,1    0,0    0,2    1,4   17,7  10:55    238
 04   14,4   20,3  14:55    8,1  06:50    0,6    0,0    0,0    0,3   11,3  15:30    225
 05   19,4   28,1  13:38    1,3  12:00    0,0    0,0    0,0    1,4   17,7  12:40    215
 06   18,5   21,9  15:15   14,6  23:56    0,0    0,0    2,0    4,9   35,4  14:25    252
 07   16,3   35,7  11:30    1,3  13:10    0,0    0,0    0,0    3,8   29,0  13:35    243
 08   15,9   20,7  16:10   -2,9  15:21    0,0    0,0    0,0    6,2   37,0  15:00    223
 09   16,0   19,0  13:53   -5,8  14:03    0,0    0,0    3,0    6,4   32,2  10:50    230
 10   15,3   40,1  15:53  -22,7  17:50    0,0    0,0    0,0    2,8   19,3  15:45    239
 11   14,3   18,8  17:29  -23,4  17:39    0,7    0,0    2,6    5,9   35,4  16:25    231
 12   14,7   17,9  13:00   12,1  07:55    0,3    0,0    7,2    7,5   37,0  11:55    233
 13   15,6   20,7  13:30   12,8  03:10    0,0    0,0   37,4   11,7   53,1  10:25    229
 14   13,2   21,8  01:10    1,3  15:33    1,8    0,0   49,2   10,3   45,1  14:15    232
 15   11,8   16,9  12:20    1,3  16:26    3,2    0,0    1,6    2,4   24,1  15:15    225
 16   10,2   17,9  14:51    4,9  07:30    4,8    0,0    1,0    0,7   19,3  15:10    216
 17   10,3   18,2  15:40    4,8  06:40    4,7    0,0    0,2    1,3   20,9  00:00    225
 18   12,1   16,3  15:25    1,3  11:34    2,9    0,0    0,8    4,0   24,1  12:50    225
 19   11,9   16,9  17:18    1,3  14:57    3,1    0,0    9,6    2,6   22,5  13:30    242
 20   11,7   16,5  15:00  -17,2  11:20    3,3    0,0    0,2    2,9   20,9  10:35    247
 21   10,9   20,6  17:03  -16,0  13:25    4,1    0,0    0,2    0,7   14,5  15:25     31
 22   12,8   42,0  12:28  -22,1  15:34    2,2    0,0    0,0    1,1   17,7  12:40    218
 23   14,0   21,3  15:44  -18,0  13:08    1,0    0,0    0,0    0,7   14,5  13:55     49
 24   13,2   21,1  16:36  -20,2  15:55    1,8    0,0    0,2    1,0   16,1  16:45     49
 25   13,8   21,2  16:29  -21,7  15:00    1,2    0,0    0,2    1,2   20,9  14:10     48
 26   13,6   45,1  14:16  -37,1  13:31    1,4    0,0    0,0    0,3    8,0  16:10    189
 27   14,1   22,3  16:40  -16,5  13:19    0,9    0,0    0,0    0,2    9,7  15:05    132
 28   15,7   24,1  16:40  -19,1  14:05    0,0    0,0    0,0    0,6   19,3  14:20    217
 29   17,5   24,2  15:40    1,3  14:53    0,0    0,0    0,4    0,2    8,0  14:55    189
 30   14,8   22,5  12:50   -1,8  11:35    0,2    0,0    1,4    3,3   40,2  16:05    243
---------------------------------------------------------------------------------------
      14,2   45,1     26  -37,1     26   40,7    0,0  138,4    2,9   53,1     13    233
    

