                   MONTHLY CLIMATOLOGICAL SUMMARY for Apr 2018


NAME: Neuburg, RP, Germany                  
ELEV: 116 m    LAT: 48-59.40 N    LONG: 008-15.12 O


                   TEMPERATURE (C), RAIN (mm), WIND SPEED (km/h)

                                         HEAT   COOL         AVG
      MEAN                               DEG    DEG          WIND                   DOM
DAY   TEMP   HIGH   TIME    LOW   TIME   DAYS   DAYS   RAIN  SPEED   HIGH   TIME    DIR
---------------------------------------------------------------------------------------
 01    7,5    8,8  16:30    5,8  11:45    7,5    0,0    2,4    8,9   35,4  11:40    243
 02    8,7   19,4  11:15  -11,8  14:53    6,3    0,0    0,2    0,7   16,1  00:35    241
 03   15,0   21,9  16:08  -29,4  15:25    0,0    0,0    0,4    3,8   32,2  13:20    227
 04   12,3   17,7  13:45    1,3  15:43    2,7    0,0    3,2    5,3   48,3  14:20    233
 05   10,3   12,2  15:31    1,3  12:11    4,7    0,0    3,0    9,3   48,3  14:20    240
 06   10,2   19,3  17:41  -24,3  13:23    4,8    0,0    0,0    4,7   29,0  10:55     67
 07   13,0   35,2  12:30    1,3  11:40    2,0    0,0    0,0    0,8   12,9  14:05     32
 08   15,2   27,8  16:47  -30,1  16:01    0,0    0,0    0,0    1,8   24,1  15:55     36
 09   14,7   19,5  15:16    1,3  09:55    0,3    0,0    0,0    0,6   14,5  23:50    247
 10   12,2   19,9  14:25  -12,7  10:25    2,8    0,0    3,0    3,8   37,0  17:00    248
 11   12,0   37,5  13:13   -6,4  15:37    3,0    0,0    0,0    1,8   19,3  19:15     35
 12   13,4   31,5  14:30  -18,8  13:15    1,6    0,0    0,0    3,6   27,4  13:55    249
 13
 14
 15
 16
 17
 18
 19
 20
 21
 22
 23
 24
 25
 26
 27
 28
 29
 30
---------------------------------------------------------------------------------------
      12,0   37,5     11  -30,1     08   35,9    0,0   12,2    3,8   48,3     04    242
    

