                   MONTHLY CLIMATOLOGICAL SUMMARY for Okt 2017


NAME: Neuburg, RP, Germany                  
ELEV: 116 m    LAT: 48-59.40 N    LONG: 008-15.12 O


                   TEMPERATURE (C), RAIN (mm), WIND SPEED (km/h)

                                         HEAT   COOL         AVG
      MEAN                               DEG    DEG          WIND                   DOM
DAY   TEMP   HIGH   TIME    LOW   TIME   DAYS   DAYS   RAIN  SPEED   HIGH   TIME    DIR
---------------------------------------------------------------------------------------
 01   12,4   42,3  13:21   -9,3  14:43    2,6    0,0    0,0    0,7   14,5  00:05    244
 02   14,3   17,6  17:05   10,4  06:13    0,7    0,0    0,6    4,9   30,6  15:00    235
 03   14,2   18,0  15:40    1,3  11:51    0,8    0,0   31,8    2,9   27,4  03:20    252
 04   11,8   19,5  15:38    7,9  07:25    3,2    0,0    0,0    4,3   30,6  16:55    237
 05   13,0   18,7  12:25    8,1  23:55    2,0    0,0    4,6    9,9   49,9  16:05    241
 06    9,4   14,0  15:08    1,3  17:38    5,6    0,0    1,2    2,4   22,5  11:15    246
 07   10,6   14,8  16:10    7,5  02:45    4,4    0,0    0,4    6,7   51,5  21:45    239
 08   11,9   15,0  15:05    9,8  04:00    3,1    0,0    3,6    7,3   33,8  05:40    231
 09   12,7   34,4  12:10   10,6  06:55    2,3    0,0    1,4    1,8   17,7  17:45    230
 10   12,2   14,3  17:30   10,1  05:00    2,8    0,0    0,4    5,5   30,6  11:50    231
 11   13,9   21,8  16:38  -18,8  16:20    1,1    0,0    0,2    2,5   20,9  11:55    239
 12   13,8   19,5  15:10    8,7  04:30    1,2    0,0    0,2    4,6   33,8  16:10    246
 13   14,1   40,6  15:21    1,3  13:29    0,9    0,0    0,0    1,2   16,1  10:50    233
 14   12,5   24,3  16:33    1,3  13:36    2,5    0,0    0,2    0,2    9,7  13:40      7
 15   12,4   23,8  16:59  -19,4  15:48    2,6    0,0    0,2    0,1    6,4  15:00    278
 16   13,7   26,8  17:04  -19,3  13:37    1,3    0,0    0,2    0,3   11,3  11:05    208
 17   13,1   28,2  10:56    7,3  07:09    1,9    0,0    0,2    0,3   11,3  11:35    228
 18   11,7   23,0  16:19  -22,9  14:49    3,3    0,0    0,2    0,5   12,9  15:25    212
 19   11,5   21,4  17:08  -22,1  15:55    3,5    0,0    0,2    0,1    8,0  14:30    226
 20   13,6   18,9  14:00   10,4  01:25    1,4    0,0    0,2    2,3   29,0  15:10    244
 21   13,4   20,3  12:35    9,2  05:10    1,6    0,0    5,4    3,0   27,4  22:40    229
 22   10,5   13,7  13:20    9,1  23:45    4,5    0,0    6,0    8,0   40,2  13:05    234
 23   10,1   12,6  15:21    8,3  04:20    4,9    0,0    0,2    5,9   24,1  16:45    239
 24   13,3   17,2  16:01  -13,0  12:29    1,7    0,0    0,0    4,6   25,7  04:40    236
 25   14,3   37,3  15:44  -16,2  13:39    0,7    0,0    0,0    2,7   24,1  11:55    246
 26   11,5   19,2  16:31  -12,7  15:08    3,5    0,0    0,0    0,7   16,1  12:15    233
 27   12,0   15,9  15:40    1,3  15:16    3,0    0,0    1,2    1,3   24,1  15:15    305
 28    8,5   11,2  14:15    5,1  03:05    6,5    0,0    0,0    9,4   46,7  23:20    237
 29    8,9   13,8  14:00    1,3  13:20    6,1    0,0    8,6    8,5   51,5  06:00    242
 30    5,2   19,6  12:00    1,3  05:30    9,8    0,0    0,2    0,5   11,3  08:55    226
 31    4,3   11,4  14:49  -12,3  12:05   10,7    0,0    0,2    0,2    9,7  13:35     49
---------------------------------------------------------------------------------------
      11,8   42,3     01  -22,9     18  100,4    0,0   67,6    3,3   51,5     07    238
    

