                   MONTHLY CLIMATOLOGICAL SUMMARY for Apr 2017


NAME: Neuburg, RP, Germany                  
ELEV: 110 m    LAT: 48-59.40 N    LONG: 008-15.12 O


                   TEMPERATURE (C), RAIN (mm), WIND SPEED (km/h)

                                         HEAT   COOL         AVG
      MEAN                               DEG    DEG          WIND                   DOM
DAY   TEMP   HIGH   TIME    LOW   TIME   DAYS   DAYS   RAIN  SPEED   HIGH   TIME    DIR
---------------------------------------------------------------------------------------
 01   17,4   21,4  14:58    1,3  16:10    0,0    0,0    4,3    2,6   27,4  16:40     47
 02   11,4   17,4  17:42  -18,9  11:27    3,6    0,0    5,1    1,3   16,1  00:10     25
 03   11,0   19,7  16:30    1,3  10:53    4,0    0,0    0,0    1,8   20,9  13:20     33
 04   10,9   17,6  17:05    1,3  10:26    4,1    0,0    0,0    1,7   17,7  12:50     39
 05   11,0   16,9  17:02    1,3  10:30    4,0    0,0    0,0    1,9   19,3  20:30     33
 06    8,6   12,8  17:22    1,3  12:59    6,4    0,0    0,3    1,7   19,3  10:10     25
 07    6,8   16,7  16:37  -16,2  10:04    8,2    0,0    0,0    1,5   19,3  18:25    122
 08    8,8   19,5  17:10    1,3  11:00    6,2    0,0    0,0    0,9   14,5  17:50     38
 09   11,5   24,0  17:55    1,3  10:06    3,5    0,0    0,0    0,6   12,9  16:05     94
 10   14,8   31,3  17:11    1,3  11:29    0,2    0,0    0,0    5,0   35,4  15:25    248
 11    9,6   16,7  16:45  -28,2  17:18    5,4    0,0    0,0    1,4   19,3  14:30     50
 12   11,2   21,8  14:03  -27,2  13:41    3,8    0,0    0,0    6,5   35,4  15:05    242
 13   12,6   16,8  15:42  -18,3  10:25    2,4    0,0    0,0    6,5   29,0  10:25    246
 14   11,9   41,3  13:54   -8,6  17:12    3,1    0,0    0,0    3,1   24,1  14:20    246
 15   11,9   15,3  14:25    1,3  13:56    3,1    0,0    0,3    5,6   30,6  17:10    246
 16    9,6   12,8  12:56    1,3  11:52    5,4    0,0    1,8    3,8   22,5  13:00    253
 17    8,0   10,4  11:05  -16,2  17:40    7,0    0,0    2,5    5,3   32,2  10:25    234
 18    5,2   10,4  15:00  -20,4  17:29    9,8    0,0    0,4    2,1   30,6  17:40    336
 19    4,0    7,4  17:47    1,3  11:35   11,0    0,0    0,7    2,9   25,7  16:25     44
 20    3,6   11,4  16:42   -2,6  06:39   11,4    0,0    0,0    1,6   20,9  11:45     47
 21    7,5   16,6  18:00  -24,0  10:26    7,5    0,0    0,0    3,8   27,4  17:40    220
 22    9,0   13,8  12:55    6,3  23:55    6,0    0,0    0,1    3,8   25,7  13:40    226
 23    7,2   12,9  16:39    1,3  07:00    7,8    0,0    0,0    1,4   17,7  19:05     44
 24    8,5   42,0  11:22   -4,8  16:45    6,5    0,0    0,0    1,6   17,7  18:45    221
 25    9,0   13,8  12:13    6,1  23:40    6,0    0,0    0,2    3,6   25,7  12:15    246
 26    6,9   10,4  17:38    3,9  11:57    8,1    0,0    1,3    0,9   17,7  11:15     64
 27    6,9   11,1  15:20    1,3  11:30    8,1    0,0    1,1    1,1   19,3  16:50    190
 28    8,3   14,2  17:23  -24,1  13:44    6,7    0,0    0,0    3,3   27,4  16:40    237
 29   10,4   39,9  13:57    1,3  11:28    4,6    0,0    0,0    3,1   20,9  12:50    229
 30   11,2   20,6  16:21  -28,8  13:50    3,8    0,0    0,0    3,7   25,7  17:15     63
---------------------------------------------------------------------------------------
       9,5   42,0     24  -28,8     30  167,7    0,0   18,0    2,8   35,4     10    250
    

