                   MONTHLY CLIMATOLOGICAL SUMMARY for Jul 2017


NAME: Neuburg, RP, Germany                  
ELEV: 116 m    LAT: 48-59.40 N    LONG: 008-15.12 O


                   TEMPERATURE (C), RAIN (mm), WIND SPEED (km/h)

                                         HEAT   COOL         AVG
      MEAN                               DEG    DEG          WIND                   DOM
DAY   TEMP   HIGH   TIME    LOW   TIME   DAYS   DAYS   RAIN  SPEED   HIGH   TIME    DIR
---------------------------------------------------------------------------------------
 01   16,3   19,7  16:40   14,1  06:10    0,0    0,0    3,6    8,1   40,2  12:50    229
 02   17,0   21,2  13:03   15,0  00:05    0,0    0,0    2,0    4,8   29,0  15:30    237
 03   19,5   30,8  16:00  -20,8  13:38    0,0    0,0    0,0    4,1   25,7  15:15    229
 04   21,6   29,0  17:00  -31,9  16:17    0,0    0,0    0,0    2,4   19,3  15:30    221
 05   22,7   31,9  17:45  -24,9  13:30    0,0    0,0    0,0    2,3   20,9  14:00    207
 06   24,7   40,3  12:53    1,3  13:12    0,0    0,0    0,0    1,1   19,3  20:55    197
 07   25,0   41,2  16:05  -24,1  12:59    0,0    0,0    4,4    2,9   30,6  14:10    226
 08   26,7   34,4  16:26    1,3  13:13    0,0    1,7    0,0    2,4   30,6  15:55    242
 09   24,4   30,6  17:17  -23,2  16:58    0,0    0,0    0,0    2,7   43,5  20:50    220
 10   22,1   26,7  14:44  -19,6  17:24    0,0    0,0    5,6    5,5   33,8  14:20    232
 11   20,0   25,7  15:30    1,3  13:46    0,0    0,0   12,8    5,8   27,4  01:35    226
 12   19,4   23,3  17:51    1,3  14:29    0,0    0,0    8,4    5,7   51,5  11:40    234
 13   17,4   31,4  15:58    1,3  13:25    0,0    0,0    0,0    1,1   14,5  10:25     37
 14   19,2   31,1  17:17    1,3  14:11    0,0    0,0    1,8    3,3   32,2  17:05    244
 15   18,0   22,2  14:17    1,3  12:47    0,0    0,0    0,2    0,6   14,5  13:40    274
 16   19,1   34,2  14:55  -30,0  15:20    0,0    0,0    0,0    1,6   19,3  16:00    204
 17   22,3   30,3  16:40    1,3  14:26    0,0    0,0    0,0    0,7   14,5  13:55     77
 18   24,9   42,1  15:20    1,3  15:01    0,0    0,0    0,0    1,3   16,1  08:05     41
 19   25,7   41,6  13:20  -27,5  13:28    0,0    0,7    0,0    2,5   27,4  14:35    239
 20   22,4   26,9  16:09    1,3  13:50    0,0    0,0    8,8    3,1   25,7  16:35    227
 21   22,5   31,1  13:52    1,3  13:48    0,0    0,0   15,0    1,5   43,5  21:45     34
 22   22,9   30,2  17:48  -37,1  13:14    0,0    0,0    0,2    2,7   32,2  23:45    226
 23   20,5   26,8  16:42    1,3  14:15    0,0    0,0    0,8    6,9   35,4  13:00    242
 24   16,5   20,3  13:05  -37,1  15:30    0,0    0,0    6,8    4,6   37,0  13:25    243
 25   15,0   17,0  11:50   13,3  02:15    0,0    0,0   17,8    5,0   29,0  11:55    234
 26   17,3   23,4  18:20   14,2  06:45    0,0    0,0   18,0    6,5   30,6  13:05    244
 27   19,0   22,9  16:40   15,7  01:25    0,0    0,0    2,6    5,6   30,6  16:45    227
 28   19,7   25,3  18:30    1,3  13:13    0,0    0,0    0,0    4,2   27,4  17:40    245
 29   21,6   29,3  18:35    1,3  12:51    0,0    0,0    0,0    3,4   27,4  12:20    228
 30   22,5   30,2  13:45    1,3  16:32    0,0    0,0    0,6    2,9   29,0  14:40    230
 31   21,4   25,9  12:40   17,1  06:25    0,0    0,0    5,0    1,1   17,7  09:45    214
---------------------------------------------------------------------------------------
      20,9   42,1     18  -37,1     22    0,0    2,4  114,4    3,4   51,5     12    233
    

