                   MONTHLY CLIMATOLOGICAL SUMMARY for Nov 2017


NAME: Neuburg, RP, Germany                  
ELEV: 116 m    LAT: 48-59.40 N    LONG: 008-15.12 O


                   TEMPERATURE (C), RAIN (mm), WIND SPEED (km/h)

                                         HEAT   COOL         AVG
      MEAN                               DEG    DEG          WIND                   DOM
DAY   TEMP   HIGH   TIME    LOW   TIME   DAYS   DAYS   RAIN  SPEED   HIGH   TIME    DIR
---------------------------------------------------------------------------------------
 01    7,5   14,4  14:38    1,3  13:35    7,5    0,0    0,0    1,7   20,9  13:00    228
 02    9,8   13,7  14:30  -36,2  14:19    5,2    0,0    0,0    3,0   24,1  10:20    248
 03   10,4   16,1  14:03    1,3  13:34    4,6    0,0    0,0    0,5   12,9  14:25     30
 04    9,4   18,4  15:12  -17,9  14:18    5,6    0,0    0,0    0,7   14,5  12:00    240
 05    9,2   11,9  08:45    6,6  00:00    5,8    0,0    9,4    3,2   25,7  08:55    244
 06    5,7    8,8  13:35    1,3  07:43    9,3    0,0    0,2    0,9   16,1  17:40     42
 07    5,7    7,6  15:45    3,3  02:50    9,3    0,0    0,0    2,1   19,3  04:05     32
 08    6,8    7,3  16:01    6,3  23:58    8,2    0,0    3,0    2,1   17,7  11:05    230
 09    6,6    7,1  13:24    6,1  05:00    8,4    0,0    0,2    3,1   17,7  11:10    225
 10    6,3    7,6  22:34    4,8  03:29    8,7    0,0    1,8   10,1   43,5  14:20    232
 11    7,5    9,4  22:00    6,1  06:24    7,5    0,0   12,4    9,5   45,1  14:50    236
 12    5,0    7,3  00:05    2,5  14:49   10,0    0,0   30,6    2,6   33,8  13:05    268
 13    4,1    7,7  14:09   -0,2  00:00   10,9    0,0    0,6    0,6   11,3  13:10    253
 14    2,6    8,6  13:45   -0,2  01:05   12,4    0,0    0,2    0,4    9,7  13:00    178
 15    2,2    7,4  14:45   -1,0  07:40   12,8    0,0    0,2    1,3   16,1  14:55     30
 16    2,3    4,3  13:21    0,6  07:20   12,7    0,0    0,0    3,0   22,5  03:10     67
 17    3,7    5,4  15:55    2,2  02:57   11,3    0,0    0,2    1,1   14,5  01:55    244
 18    5,7    8,2  13:46    1,3  11:41    9,3    0,0    0,0    6,7   33,8  14:10    242
 19    5,2    9,4  14:09    1,3  10:51    9,8    0,0    2,0    7,2   41,8  02:40    241
 20    4,2    6,3  21:45    1,8  07:00   10,8    0,0    1,0    8,5   40,2  18:40    235
 21    6,9    9,7  14:25    2,8  23:57    8,1    0,0    5,6    8,0   38,6  00:05    237
 22    6,2   14,4  14:59  -18,4  13:06    8,8    0,0    0,2    1,1   20,9  11:55    243
 23    8,9   17,4  14:58   -0,7  05:50    6,1    0,0    0,2    5,3   35,4  14:50    227
 24   12,9   16,2  11:55   10,8  22:20    2,1    0,0    7,8    6,7   38,6  08:45    229
 25    7,0   19,6  13:53    3,6  00:00    8,0    0,0   26,0    4,6   30,6  12:35    238
 26    3,5    5,1  13:25  -10,9  11:02   11,5    0,0    0,6    8,0   29,0  17:15    238
 27    4,6    6,6  15:00    2,4  05:25   10,4    0,0    5,6   14,2   53,1  19:10    228
 28    4,9    5,7  05:05    3,5  20:45   10,1    0,0   12,2    9,8   43,5  03:55    231
 29    3,0    9,2  12:32    0,3  19:35   12,0    0,0    1,4    2,2   22,5  07:15    240
 30    1,8    4,1  14:25    0,1  23:00   13,2    0,0    4,6    5,7   24,1  17:10    231
---------------------------------------------------------------------------------------
       6,0   19,6     25  -36,2     02  270,3    0,0  126,0    4,5   53,1     27    235
    

