                   MONTHLY CLIMATOLOGICAL SUMMARY for Jan 2018


NAME: Neuburg, RP, Germany                  
ELEV: 116 m    LAT: 48-59.40 N    LONG: 008-15.12 O


                   TEMPERATURE (C), RAIN (mm), WIND SPEED (km/h)

                                         HEAT   COOL         AVG
      MEAN                               DEG    DEG          WIND                   DOM
DAY   TEMP   HIGH   TIME    LOW   TIME   DAYS   DAYS   RAIN  SPEED   HIGH   TIME    DIR
---------------------------------------------------------------------------------------
 01    8,6   10,7  00:00    1,3  11:33    6,4    0,0    7,0   15,0   51,5  19:50    232
 02    6,5    8,6  15:14    1,3  12:00    8,5    0,0    3,4   10,5   45,1  23:56    239
 03    8,9   12,3  06:44  -17,8  14:57    6,1    0,0   13,8   17,3   61,2  06:45    244
 04    9,1   13,0  16:25    5,8  06:50    5,9    0,0   13,0   11,5   49,9  20:50    237
 05    9,7   11,8  12:40  -19,2  11:31    5,3    0,0    4,8    8,4   40,2  09:00    235
 06    7,8    9,2  13:10    6,1  07:55    7,2    0,0    1,0    1,0   14,5  00:15    348
 07    7,1    7,9  11:10    6,2  23:28    7,9    0,0    0,0    7,4   32,2  14:10     50
 08    7,4    8,5  14:40    6,2  00:00    7,6    0,0    0,0    8,0   29,0  14:05     51
 09    5,7   11,0  10:50    3,5  08:55    9,3    0,0    0,2    2,0   24,1  02:20     48
 10    6,1    9,4  13:20    3,4  08:55    8,9    0,0    0,4    1,0   17,7  19:30    229
 11    5,5    8,8  14:10    3,7  02:20    9,5    0,0    0,0    0,2    8,0  23:40     34
 12    4,7    6,5  15:10    2,9  00:00   10,3    0,0    0,2    2,7   20,9  20:50     56
 13    4,7    5,8  18:55    2,8  00:30   10,3    0,0    0,0    2,5   20,9  17:40     61
 14    2,3    5,7  13:30  -29,1  10:50   12,7    0,0    0,0    3,0   20,9  11:05     68
 15    2,0    7,7  18:20   -2,7  02:21   13,0    0,0   11,2    4,8   46,7  21:50    225
 16    6,6    9,0  11:30  -31,1  14:03    8,4    0,0   12,6   12,7   48,3  15:25    245
 17    3,9    5,3  14:20    1,8  10:20   11,1    0,0    4,0   13,0   45,1  15:00    253
 18    6,1    9,8  12:29    1,3  12:22    8,9    0,0   13,6   14,7   59,5  12:40    235
 19    4,4    7,6  00:15    2,5  00:00   10,6    0,0    5,6    7,0   33,8  06:00    247
 20    3,0    4,7  14:29    0,4  02:55   12,0    0,0   24,6    4,6   37,0  02:15    229
 21    3,4    6,3  15:01  -32,9  11:07   11,6    0,0    0,0    1,6   17,7  16:00    255
 22    5,7    9,9  14:11    0,4  02:20    9,3    0,0   17,2    1,5   24,1  11:10    243
 23    7,4    8,7  15:45    6,0  08:08    7,6    0,0    0,0    5,7   32,2  20:50    236
 24   10,3   13,5  11:30    1,3  10:34    4,7    0,0    0,0    7,9   32,2  01:40    238
 25   11,1   13,7  14:25    1,3  13:45    3,9    0,0    0,0    4,3   32,2  04:40    234
 26    7,3    9,9  01:35    6,0  23:58    7,7    0,0   12,6    0,1   17,7  01:30    277
 27    5,6    6,6  14:50    4,7  07:30    9,4    0,0    0,0    0,9   17,7  00:00    309
 28    7,6    8,9  21:15    5,9  02:10    7,4    0,0    0,0   10,9   35,4  22:35    243
 29    8,8   10,1  16:10    7,8  02:33    6,2    0,0    0,2   11,7   40,2  10:30    241
 30    8,4    9,8  14:23    6,9  09:30    6,6    0,0    0,0    2,5   27,4  00:05    241
 31    8,2    9,8  14:50    6,9  21:30    6,8    0,0   11,6   12,1   41,8  15:15    232
---------------------------------------------------------------------------------------
       6,6   13,7     25  -32,9     21  261,2    0,0  157,0    6,7   61,2     03    240
    

